Resolution Range (Å)      all  non-anomalous  anomalous
             overall 0.983983       0.984726   0.983116
        34.35 - 4.01 1.000000       1.000000   1.000000
         4.01 - 3.15 1.000000       1.000000   1.000000
         3.15 - 2.73 1.000000       1.000000   1.000000
         2.73 - 2.48 1.000000       1.000000   1.000000
         2.48 - 2.29 0.999829       0.999680   1.000000
         2.29 - 2.16 1.000000       1.000000   1.000000
         2.16 - 2.04 0.999661       0.999680   0.999640
         2.04 - 1.95 0.995282       0.995543   0.994989
         1.95 - 1.87 0.977730       0.978411   0.976971
         1.87 - 1.80 0.883811       0.886589   0.880719